00 00 00 00 00 00 00 00 00 00 00 00 00 00 00 00
00 00 00 00 00 00 10 10 10 10 00 00 00 00 00 00
00 00 00 00 10 10 10 10 10 10 10 10 00 00 00 00
00 00 00 10 10 10 10 10 10 10 10 10 10 00 00 00
00 00 00 10 10 11 11 10 10 10 10 11 11 00 00 00
00 00 10 10 11 11 11 11 10 10 11 11 11 11 00 00
00 10 10 10 11 11 01 01 10 10 11 11 01 01 00 00
00 10 10 10 11 11 01 01 10 10 11 11 01 01 10 00
00 10 10 10 10 11 11 10 10 10 10 11 11 10 10 00
00 10 10 10 10 10 10 10 10 10 10 10 10 10 10 00
00 10 10 10 10 10 10 10 10 10 10 10 10 10 10 00
00 10 10 10 10 10 10 10 10 10 10 10 10 10 10 00
00 10 10 10 10 10 10 10 10 10 10 10 10 10 10 00
00 10 10 00 10 10 10 00 00 10 10 10 00 10 10 00
00 10 00 00 00 10 10 00 00 10 10 00 00 00 10 00
00 00 00 00 00 00 00 00 00 00 00 00 00 00 00 00
00 00 00 00 00 00 00 00 00 00 00 00 00 00 00 00
00 00 00 00 00 00 10 10 10 10 00 00 00 00 00 00
00 00 00 00 10 10 10 10 10 10 10 10 00 00 00 00
00 00 00 10 10 10 10 10 10 10 10 10 10 00 00 00
00 00 10 10 10 10 10 10 10 10 10 10 10 10 00 00
00 00 10 10 11 11 10 10 10 10 11 11 10 10 00 00
00 00 10 11 11 11 11 10 10 11 11 11 11 10 00 00
00 10 10 11 11 11 11 10 10 11 11 11 11 10 10 00
00 10 10 11 01 01 11 10 10 11 01 01 11 10 10 00
00 10 10 10 01 01 10 10 10 10 01 01 10 10 10 00
00 10 10 10 10 10 10 10 10 10 10 10 10 10 10 00
00 10 10 10 10 10 10 10 10 10 10 10 10 10 10 00
00 10 10 10 10 10 10 10 10 10 10 10 10 10 10 00
00 10 10 10 10 00 10 10 10 10 00 10 10 10 10 00
00 00 10 10 00 00 00 10 10 00 00 00 10 10 00 00
00 00 00 00 00 00 00 00 00 00 00 00 00 00 00 00
00 00 00 00 00 00 00 00 00 00 00 00 00 00 00 00
00 00 00 00 00 00 10 10 10 10 00 00 00 00 00 00
00 00 00 00 10 10 10 10 10 10 10 10 00 00 00 00
00 00 00 10 10 10 10 10 10 10 10 10 10 00 00 00
00 00 10 11 11 10 10 10 10 11 11 10 10 10 00 00
00 00 11 11 11 11 10 10 11 11 11 11 10 10 00 00
00 00 01 01 11 11 10 10 01 01 11 11 10 10 00 00
00 10 01 01 11 11 10 10 01 01 11 11 10 10 10 00
00 10 10 11 11 10 10 10 10 11 11 10 10 10 10 00
00 10 10 10 10 10 10 10 10 10 10 10 10 10 10 00
00 10 10 10 10 10 10 10 10 10 10 10 10 10 10 00
00 10 10 10 10 10 10 10 10 10 10 10 10 10 10 00
00 10 10 10 10 10 10 10 10 10 10 10 10 10 10 00
00 10 10 00 10 10 10 00 00 10 10 10 00 10 10 00
00 10 00 00 00 10 10 00 00 10 10 00 00 00 10 00
00 00 00 00 00 00 00 00 00 00 00 00 00 00 00 00
00 00 00 00 00 00 00 00 00 00 00 00 00 00 00 00
00 00 00 00 00 00 10 10 10 10 00 00 00 00 00 00
00 00 00 00 01 01 10 10 10 10 01 01 00 00 00 00
00 00 00 11 01 01 11 10 10 11 01 01 11 00 00 00
00 00 10 11 11 11 11 10 10 11 11 11 11 10 00 00
00 00 10 11 11 11 11 10 10 11 11 11 11 10 00 00
00 00 10 10 11 11 10 10 10 10 11 11 10 10 00 00
00 10 10 10 10 10 10 10 10 10 10 10 10 10 10 00
00 10 10 10 10 10 10 10 10 10 10 10 10 10 10 00
00 10 10 10 10 10 10 10 10 10 10 10 10 10 10 00
00 10 10 10 10 10 10 10 10 10 10 10 10 10 10 00
00 10 10 10 10 10 10 10 10 10 10 10 10 10 10 00
00 10 10 10 10 10 10 10 10 10 10 10 10 10 10 00
00 10 10 10 10 00 10 10 10 10 00 10 10 10 10 00
00 00 10 10 00 00 00 10 10 00 00 00 10 10 00 00
00 00 00 00 00 00 00 00 00 00 00 00 00 00 00 00